16
0 2 10000 94 10000 10000 10000 10000 10000 61 68 10000 10000 87 10000 10000
10000 0 10000 10000 51 43 10000 10000 10000 10000 10000 47 16 10000 10000 10000
25 91 0 10000 10000 91 10000 10000 10000 13 10000 10000 10000 6 36 10000
9 77 10000 0 10000 44 10000 10000 17 10000 10000 10000 10000 10000 10000 10000
74 10000 65 10000 0 10000 45 10000 10000 10000 10000 10000 10000 10000 10000 28
10000 60 10000 75 17 0 10000 10000 10000 10000 1 62 58 10000 10000 10000
10000 46 10000 10000 10000 83 0 10000 10000 10000 10000 10000 10000 10000 10000 88
10000 10000 10000 75 10000 10000 8 0 21 10000 10000 10000 10000 10000 10000 10000
10000 10000 10000 39 10000 10000 49 39 0 10000 10000 10000 29 10000 10000 10000
55 10000 71 10000 10000 10000 10000 10000 10000 0 10000 10000 10000 10000 9 10000
90 10000 10000 10000 10000 69 10000 10000 10000 10000 0 10000 10000 10000 10000 49
10000 10000 10000 10000 10000 88 10000 10000 10000 10000 32 0 29 10000 10000 10000
10000 10000 10000 76 10000 10000 10000 17 96 10000 10000 10000 0 10000 10000 10000
10000 67 10000 10000 10000 10000 10000 10000 10000 10000 10000 10000 10000 0 85 35
10000 48 10000 10000 10000 10000 10000 10000 10000 83 10000 10000 10000 10000 0 10000
10000 10000 10000 10000 92 10000 10000 10000 10000 10000 27 10000 10000 97 10000 0

